0.2605177000077674
0.24125540000386536
0.20703239999420475
0.2107077999971807
0.2251230999972904
0.14786630000162404
0.15924880000238772
0.1347537999972701
0.1366658000042662
0.16215839999495074
0.12513630000466947
0.1566119999915827
0.18023339999490418
0.15797719999682158
0.12318009999580681
0.17300609999801964
0.17495929999859072
0.1559787000005599
0.16257269999186974
0.12693120000767522
0.14643199999409262
0.16741439999896102
0.128873299996485
0.15801009999995586
0.17816499999025837
0.15005559999553952
0.18504509999183938
0.16881200000352692
0.17108630000439007
0.14114940000581555
0.10695519999717362
0.1627713999914704
0.13463500000943895
0.17560960000264458
0.12188210000749677
0.17158270000072662
0.16236940000089817
0.13283739998587407
0.17677089999779128
0.14636859999154694
0.17869220000284258
0.12357150000752881
0.14306000000215136
0.14925750000111293
0.13358949999383185
0.18050999999104533
0.14401420000649523
0.1715505000029225
0.18020640000759158
0.1553070999943884
0.14487089999602176
0.16463019998627715
0.15101760000106879
0.15295960000366904
0.1517362000013236
0.12033549998886883
0.17605740000726655
0.13473890000022948
0.1399610000080429
0.17948969999270048
0.16490329999942333
0.16057910000381526
0.1769263000023784
0.1555991999921389
0.15317249999498017
0.16279279999434948
0.1424948000058066
0.1737283000111347
0.14130540000041947
0.18768360000103712
0.1971856000018306
0.17657489998964593
0.1695352999959141
0.15769009999348782
0.13566860000719316
0.18102319999889005
0.1683822000049986
0.19394040000042878
0.14133929999661632
0.16229950000706594
0.17509299999801442
0.12903740000911057
0.13585999999486376
0.16521730000386015
0.11988860000565182
0.20128309998835903
0.14952389999234583
0.15589179999369662
0.1361373999970965
0.16088610001315828
0.16670970000268426
0.16525239999464247
0.1264662000030512
0.17947390000335872
0.1649870999972336
0.15886710000631865
0.15898920000472572
0.14244799999869429
0.14165080001112074
0.1864830999984406
0.14100100001087412
0.1729366000072332
0.15781889999925625
0.12929009999788832
0.15763950000109617
0.18145070000900887
0.15566939998825546
0.16016359999775887
0.18614639999577776
0.17122530000051484
0.18255529999441933
0.14052580000134185
0.15079919999698177
0.14755129998957273
0.15273220000381116
0.1406325999996625
0.15331209999567363
0.17397730000084266
0.17406670001219027
0.15750630000547972
0.15675759999430738
0.15547329999390058
0.15567209999426268
0.126726200003759
0.15994290000526235
0.13969520000682678
0.17395569999644067
0.12208989998907782
0.17501780000748113
0.17388390000269283
0.15688320000481326
0.12574809999205172
0.15899229999922682
0.14184310000564437
0.17384289999608882
0.12279530000523664
0.171255299996119
0.17160750000039116
0.13742850000562612
0.17151659999217372
0.14187760000640992
0.15821530000539497
0.1272709000040777
0.22028710000449792
0.20066919999953825
0.30063279999012593
0.21978919999673963
0.14267699999618344
0.20517370000015944
0.18351509999774862
0.17208240000763908
0.2753085000003921
0.2321955999941565
0.2645671000063885
0.21511119999922812
0.14148950000526384
0.17197790001227986
0.1561065999994753
0.12528379999275785
0.25318369999877177
0.20284189999802038
0.1428511999984039
0.2360931999864988
0.2151194000034593
0.3020293000008678
0.21806449998985045
0.23717739999119658
0.13896909999311902
0.1559761999960756
0.12631589999364223
0.12517549999756739
0.1594074000022374
0.15795450001314748
0.12510750000365078
0.1523585999966599
0.15301910000562202
0.12450320000061765
0.15580229999613948
0.15121750000980683
0.158222800004296
0.22010029999364633
0.14625239999440964
0.14106680000259075
0.13975820000632666
0.17224600000190549
0.1536402000056114
0.18523790000472218
0.15443640000012238
0.15763859999424312
0.15759709999838378
0.15819040000496898
0.1267082999984268
0.1745156999968458
0.14440760000434238
0.17386320000514388
0.15666130000317935
0.15561469999374822
0.12692740000784397
0.17260849999729544
0.12242430000333115
0.18666969999321736
0.14127609999559354
0.15494239999679849
0.12800939999578986
0.12372469999536406
0.1750334000098519
0.1572067000088282
0.15472609999415
0.18800229999760631
0.1247845000034431
0.15747190000547562
0.154951099990285
0.12362949999806006
0.15454620000673458
0.12371660000644624
0.17494880000595003
0.18704620000789873
0.16671680001309142
0.15513089999149088
0.172349899992696
0.15572249999968335
0.15399830001115333
0.15437509999901522
0.10453269998834003
0.14087499999732245
0.13972630001080688
0.15390089999709744
0.15379290000419132
0.17118520000076387
0.12069130000600126
0.18703060000552796
0.1206160000001546
0.173111299998709
0.1421669999981532
0.15704529998765793
0.15655649999098387
0.1574284000089392
0.1577129000070272
0.1566503000067314
0.15594729999429546
0.12770529999397695
0.1590647999983048
0.1418037999974331
0.18071090000739787
0.17105480001191609
0.14437949999410193
0.1572489999962272
0.18601779999153223
0.15514479999546893
0.12352149999060202
0.17310610000276938
0.12364879999950062
0.1564734999992652
0.18820390000473708
0.12755590000597294
0.15524990000994876
0.15577670000493526
0.1559306999988621
0.15616919999592938
0.15565559999959078
0.15419680000923108
0.16456900000048336
0.12623310000344645
0.1752795999927912
0.12314490000426304
0.17313800001284108
0.1564890000008745
0.15493649999552872
0.17071500000020023
0.14114410000911448
0.2519888999959221
0.186054800011334
0.18803169998864178
0.1885032999998657
0.143303199991351
0.15905380000185687
0.16051499999593943
0.15760079999745358
0.1111663000046974
0.1415483999880962
0.16138239999418147
0.1691034999967087
0.12439989999984391
0.1606026999943424
0.17586829999345355
0.16012190000037663
0.1540372000017669
0.17131350000272505
0.12162630000966601
0.15474830000312068
0.10572459999821149
0.17519909999100491
0.13069019999238662
0.17792679999547545
0.18887480000557844
0.2022854999959236
0.23277750000124797
0.15437749998818617
0.16709000000264496
0.182492199994158
0.1547372000059113
0.15407150000100955
0.15408029999525752
0.15439060000062454
0.1559315000049537
0.15416089999780525
0.12658969999756664
0.18487080000340939
0.13314330000139307
0.1856030000053579
0.15563740000652615
0.15419840000686236
0.1562184999929741
0.15449670000816695
0.15305000000807922
0.12356239999644458
0.18446759998914786
0.12260649999370798
0.15410089999204502
0.1544999000034295
0.1693885999993654
0.14194319999660365
0.14308249999885447
0.15701340000669006
0.17113080000854097
0.1263801000022795
0.13543680000293534
0.15781269999570213
0.2065749000030337
0.16119240000261925
0.17450900000403635
0.212910300004296
0.17436109999835026
0.17681330000050366
0.21059560000139754
0.1323751000018092
0.18320620000304189
0.17291050001222175
0.12825429999793414
0.15961719999904744
0.1610120000113966
0.12835590000031516
0.17114299999957439
0.17263579998689238
0.17563369999697898
0.13135049999982584
0.1733269999967888
0.18921399999817368
0.12727179999637883
0.13450320000993088
0.17399130000558216
0.16398329999356065
0.17162999999709427
0.1400768000021344
0.15696539999044035
0.1583950000058394
0.19081099999311846
0.16031540000403766
0.13172550000308547
0.14043800000217743
0.1761465000017779
0.16240689999540336
0.1753787000052398
0.17609710000397172
0.16950060000817757
0.17538569998578168
0.3159847999922931
0.27966170001309365
0.17262019999907352
0.21553770000173245
0.2215159999905154
0.15292049999698065
0.19394870000542141
0.2500402000005124
0.22101049999764655
0.20086450000235345
0.1920595000119647
0.24658359999011736
0.19317810000211466
0.1428925999935018
0.17180840000219177
0.16072849999181926
0.1870749999943655
0.16859889999614097
0.1284876000136137
0.1872224999970058
0.1587912000104552
0.18456769999465905
0.1381931999931112
0.11760660000436474
0.1556834999937564
0.18356609999318607
0.15520709998963866
0.15693739999551326
0.15624149999348447
0.15647670000907965
0.12773749999178108
0.15731439999944996
0.15604120001080446
0.1264015000051586
0.1567260999872815
0.15646830000332557
0.16578929999377578
0.14690180000616238
0.1759913999994751
0.1723950000014156
0.17077850000350736
0.13943660000222735
0.15163519998895936
0.14597030000004452
0.15490729999146424
0.19093729999440257
0.15856280000298284
0.15737179999996442
0.15472830001090188
0.15748740000708494
0.15871089999563992
0.1749219999910565
0.14362059999257326
0.1910267999919597
0.16545149999728892
0.16066520000458695
0.15089129999978468
0.13642280000203755
0.1695478999899933
0.1570880999934161
0.12938269998994656
0.16972639999585226
0.17300690000411123
0.15708679999806918
0.15308239999285433
0.16139720000501256
0.2754360999970231
0.2628437999956077
0.24452159999054857
0.35733309999341145
0.16508710000198334
0.17598860000725836
0.22475750000739936
0.14521930000046268
0.17246329999761656
0.16578940000908915
0.1710045999934664
0.17921889999706764
0.15268610000202898
0.15931350000028033
0.20473640000273008
0.12572320000617765
0.16942559999006335
0.1686329000076512
0.18393630000355188
0.15516620001289994
0.13696239999262616
0.16045610001310706
0.12711519999720622
0.1844037999981083
0.1350652999972226
0.17011209999327548
0.17173230000480544
0.1570604999869829
0.1645728000003146
0.14275610000186134
0.17276200000196695
0.12705219999770634
0.15717059999587946
0.15776960000221152
0.15665269999590237
0.1642878999991808
0.2054117999941809
0.18954769999254495
0.19147590000648052
0.2718499000038719
0.19416670000646263
0.20390360000601504
0.17132930000661872
0.15551830000185873
0.12537449999945238
0.15532469999743626
0.16002979999757372
0.14316829999734182
0.14851389999967068
0.17259059999196324
0.17396840000583325
0.2190458000113722
0.22250580000400078
0.22377149999374524
0.19955239999399055
0.2517308999958914
0.244628799991915
0.2012962000007974
0.18350890000874642
0.24862749999738298
0.23137579999456648
0.20087259999127127
0.17292930000985507
0.2277267000026768
0.20794259999820497
0.2156195999996271
0.19370110001182184
0.26458309999725316
0.231874399993103
0.23843260000285227
0.20143580000149086
0.21012920000066515
0.21548719999555033
0.1970827999903122
0.1876767999929143
0.1884141000045929
0.19404830000712536
0.21808320000127424
0.15375240000139456
0.16945810000470374
0.1541980999900261
0.15744290000293404
0.17133280000416562
0.14434319999418221
0.20265079999808222
0.17558870000357274
0.1823009999934584
0.1702316000009887
0.2182468999963021
0.1819380000088131
0.2067451000039
0.15785129999858327
0.14428780000889674
0.1905752000020584
0.16394699999364093
0.20168199999898206
0.15815279999515042
0.2037614000000758
0.1240292999864323
0.17537979999906383
0.17006050000782125
0.17747360000794288
0.17224669999268372
0.17296119999082293
0.15612980000150856
0.15505929999926593
0.12435040000127628
0.15651419998903293
0.13983270000608172
0.15710139999282546
0.18381239999143872
0.20423699999810196
0.1431136999890441
0.22409840000909753
0.17985020000196528
0.20535540000128094
0.26033010000537615
0.1581927000079304
0.17655699999886565
0.17152740000165068
0.1758652999997139
0.1679982000059681
0.19629179999174085
0.19837359999655746
0.2833248000097228
0.24760930000047665
0.23527989999274723
0.22392089999630116
0.2328774999914458
0.17350900000019465
0.17196320000221021
0.18925459998717997
0.20253760000923648
0.21395159998792224
0.17245559999719262
0.18024760000116657
0.2015046999877086
0.1922887999971863
0.17434190001222305
0.1599975999997696
0.15847009999561124
0.14360919999307953
0.17447260000335518
0.17229370000131894
0.15551550000964198
0.20263519999571145
0.19495830000960268
0.19441910000750795
0.141734799995902
0.18931010000233073
0.19537729999865405
0.2118369999952847
0.16885860000911634
0.16296370000054594
0.1430774000036763
0.15506839999579825
0.1858393000002252
0.1280574999982491
0.15937579999445006
0.15961889999744017
0.14597080000385176
0.19178910000482574
0.19256890000542626
0.17097150000336114
0.18929270000080578
0.15608059999067336
0.1280313000024762
0.17612699999881443
0.16343980000237934
0.2006633000128204
0.1712312000017846
0.20115830001304857
0.1740795999940019
0.160808900007396
0.15623029999551363
0.14275319999433123
0.1439057999959914
0.14391400000022259
0.20482660000561737
0.1612331000069389
0.2018880999967223
0.15714139999181498
0.1905758000066271
0.15808430001197848
0.17219559999648482
0.17495169999892823
0.17070680001052096
0.1766009999992093
0.1579150000034133
0.16570769999816548
0.15809070000250358
0.1557392999966396
0.2213906999968458
0.1922690000064904
0.20876870000211056
0.20896479999646544
0.21558790000563022
0.1746805000002496
0.18883719999575987
0.23188520000257995
0.17739630000141915
0.1955154000024777
0.17113309999695048
0.15727169999445323
0.18682540000008885
0.1719481000036467
0.12447490000340622
0.14924410000094213
0.15560040000127628
0.18621909999637865
0.14304110000375658
0.2055289999989327
0.16478040000947658
0.19026529999973718
0.18336719999206252
0.1804212999995798
0.1615005000057863
0.1369806000002427
0.17901890000212006
0.23508769999898504
0.2140605000022333
0.19020850000379141
0.19659809999575373
0.23820910000358708
0.19757839999510907
0.19278620000113733
0.17291029999614693
0.2166819999984
0.1512393000011798
0.17510509998828638
0.24832299999252427
0.21535350001067854
0.20688999998674262
0.28339269998832606
0.24672689998988062
0.24759060000360478
0.2161047999979928
0.20319759999983944
0.24738719999731984
0.20799389999592677
0.18851780000841245
0.1876370000099996
0.188609799995902
0.256269000004977
0.19333639999968
0.2109247000043979
0.25874110001313966
0.26885809999657795
0.24966699999640696
0.22086800000397488
0.2402033999969717
0.27108159998897463
0.34411890000046697
0.2943295000004582
0.2943505000002915
0.34294580000278074
0.29129660000035074
0.22596409999823663
0.2506210999999894
0.30099849999533035
0.29108670000277925
0.2133975000033388
0.1942985000059707
0.24516910000238568
0.23456939999596216
0.2514429000002565
0.2920795999962138
0.21552249998785555
0.2852978000009898
0.2767254999926081
0.19433690000732895
0.18490189999283757
0.23259879999386612
0.15534279998973943
0.17520919999515172
0.24045769999793265
0.23853089999465737
0.1842051999992691
0.2038372000097297
0.20117169999866746
0.2058934000087902
0.19554749999952037
0.19975549999799114
0.20009479999134783
0.22262879999470897
0.15394129999913275
0.1533904999960214
0.13525030000892002
0.17221509999944828
0.17986299999756739
0.14163080000435002
0.18724010000005364
0.15528900000208523
0.17339489998994395
0.19927319999260362
0.17252959999314044
0.15939659999276046
0.17291399999521673
0.15862420000485145
0.19302020000759512
0.157172500010347
0.18731660000048578
0.1604619999998249
0.15214790000754874
0.17221750000317115
0.1874013000051491
0.1432485999976052
0.20129019999876618
0.1405732999992324
0.16094370000064373
0.1746302000101423
0.18998260000080336
0.16711680000298657
0.1529136000026483
0.1686926999973366
0.15846019999298733
0.18723510000563692
0.18168599999626167
0.1864408999972511
0.21438489999854937
0.20237520000955556
0.17777860000205692
0.21585310000227764
0.158273699998972
0.17358129999774974
0.1899890999920899
0.19554250000510365
0.1883288000099128
0.16771540000627283
0.18445719999726862
0.1608420999982627
0.17514289999962784
0.19531729999289382
0.15678259999549482
0.1882056000031298
0.13217719999374822
0.16912289999891073
0.1840059999958612
0.12884220000705682
0.1579531000024872
0.17207860000780784
0.12453220000315923
0.17271709999477025
0.16921770000772085
0.1532775999949081
0.1731183000083547
0.1562329000007594
0.15769019999424927
0.17302609999023844
0.1725097000016831
0.17274310000357218
0.15670459999819286
0.1279993999924045
0.15401240000210237
0.10641720000421628
0.17358909999893513
0.14114659999904688
0.15874790000088979
0.15700159998959862
0.1724201000033645
0.12082149999332614
0.15724600000248756
0.17178030000650324
0.15466929999820422
0.14097279999987222
0.1730398000072455
0.17315940000116825
0.15664919999835547
0.15600350000022445
0.15788769999926444
0.157267700007651
0.17241159999684896
0.17188480000186246
0.18586800000048243
0.17292579999775626
0.17192289998638444
0.15655830000468995
0.15603480000572745
0.12497160000202712
0.15514489999623038
0.12637300000642426
0.15740409999853
0.1266888999962248
0.1559938999998849
0.13933900000120047
0.17527429999609012
0.14227979999850504
0.1553181999915978
0.12371440000424627
0.15498709998792037
0.1562255000026198
0.165086799999699
0.12626779999118298
0.18881240001064725
0.1409979000018211
0.20497950000572018
0.1710371000081068
0.15454719999979716
0.15179479999642354
0.1571206000080565
0.1698028999962844
0.17365729999437463
0.15280179999535903
0.16905470000347123
0.13673699999344535
0.15325059999304358
0.1557689999899594
0.1247670000011567
0.16056979999120813
0.15045609998924192
0.17443050000292715
0.1411845000111498
0.15785499999765307
0.1570828999974765
0.15766339999390766
0.14291599999705795
0.16347549999773037
0.17745029999059625
0.1545336999988649
0.16591650000191294
0.1276060999953188
0.2489376000012271
0.1638463999988744
0.17053400000440888
0.17104630000540055
0.12577430000237655
0.15886960001080297
0.1928970000008121
0.1493627000018023
0.1639114999998128
0.14909710000210907
0.20839189999969676
0.185435100007453
0.1862050000054296
0.16763840000203345
0.10668629998690449
0.1701871000113897
0.14055069998721592
0.15782839999883436
0.12748460000148043
0.15623039999627508
0.15527169998676982
0.15868809999665245
0.15828360000159591
0.15760029999364633
0.18604400000185706
0.1361097999906633
0.154900199995609
0.16115660000650678
0.1559416000091005
0.12598779999825638
0.15463119999913033
0.12476219999371096
0.15732549999665935
0.15800209999724757
0.16145520001009572
0.11982659999921452
0.17660740000428632
0.19373250000353437
0.2051142999989679
0.2194296000088798
0.14320529998803977
0.17231639999954496
0.1726007999968715
0.23407560000487138
0.16113189999305177